
0.031,9394.01037533051
0.0315,9425.09208582111
0.032,9256.68334762224
0.0325,9018.83984319634
0.033,8603.30787453396
0.0335,8534.83834866577
0.034,8500.94258642608
0.0345,6597.41840524783
0.035,4964.29426226537
0.0355,3139.77368752755
0.036,1339.78416012667
0.0365,28.1712935670463
0.037,18.6201708810628
0.0375,14.1580008484113
0.038,11.6212232935342
0.0385,9.95061875399193
0.039,8.79177041931048
0.0395,7.92400729680922
0.04,7.21517586984758
0.0405,6.67202003375129
0.041,6.20944865634486
0.0415,5.83300126219754
0.042,5.51736165637093
0.0425,5.24189128643022
0.043,4.99561858927248
0.0435,4.77894078822326
0.044,4.58578455583615
0.0445,4.41770588314079
0.045,4.27022828410266
0.0455,4.13364674069116
0.046,4.00944288030436
0.0465,3.89739388737826
0.047,3.79265903447565
0.0475,3.69675347855857
0.048,3.60987917809479
0.0485,3.53045735687615
0.049,3.45587324275112
0.0495,3.38732842934096
0.05,3.32376624581886
0.0505,3.26385334656962
0.051,3.20717912142801
0.0515,3.15438773597029
0.052,3.10482991369853
0.0525,3.05858092123592
0.053,3.01545093918114
0.0535,2.97482928603729
0.054,2.93688362103107
0.0545,2.8996154877157
0.055,2.8656071891337
0.0555,2.83290902072947
0.056,2.80118675606928
0.0565,2.77186153992066
0.057,2.74428827938269
0.0575,2.71692262423061
0.058,2.69118654149701
0.0585,2.66708304073475
0.059,2.64334696665979
0.0595,2.62094616670957
0.06,2.5998375200183
0.0605,2.57963603960756
0.061,2.56034723979803
0.0615,2.54129362992061
0.062,2.5241957483445
0.0625,2.50753076573039
0.063,2.49065120761396
0.0635,2.47506513007095
0.064,2.45904310601361
0.0645,2.4437075346932
0.065,2.4280457707613
0.0655,2.41322880535057
0.066,2.39799580632288
0.0665,2.38365527308001
0.067,2.36884049677179
0.0675,2.35465949293848
0.068,2.34057246805594
0.0685,2.32656542243538
0.069,2.3130711565972
0.0695,2.2998554026584
0.07,2.2861512931603
0.0705,2.2736395552716
0.071,2.26119192248475
0.0715,2.24783714158922
0.072,2.23538782609031
0.0725,2.22312256282041
0.073,2.21091849543895
0.0735,2.19893257571054
0.074,2.18799681801144
0.0745,2.17673820662919
0.075,2.16478872875483
0.0755,2.15291347413073
0.076,2.14109746941627
0.0765,2.12931489972012
0.077,2.11842329178066
0.0775,2.10785368107809
0.078,2.09733680632825
0.0785,2.08687240442777
0.079,2.07646021313659
0.0795,2.06609997200889
0.08,2.05575567821194
0.0805,2.04636614035067
0.081,2.03717024929977
0.0815,2.02802024013397
0.082,2.01891588358371
0.0825,2.00967090416659
0.083,1.99961141099284
0.0835,1.98960491195602
0.084,1.98060425500484
0.0845,1.97170429433592
0.085,1.96284873870066
0.0855,1.95400802837047
0.086,1.94572579604013
0.0865,1.93696448047694
0.087,1.92826432674461
0.0875,1.91966319229052
0.088,1.9118993604454
0.0885,1.90327425829648
0.089,1.89469314792197
0.0895,1.88702862770138
0.09,1.8790414459534
0.0905,1.87066710519275
0.091,1.86322071824149
0.0915,1.85553784803428
0.092,1.84794138450391
0.0925,1.84056270663319
0.093,1.83321248322139
0.0935,1.82589040717444
0.094,1.8186021885586
0.0945,1.81133573283116
0.095,1.80410660631884
0.0955,1.79689773540175
0.096,1.78975211480765
0.0965,1.7829836864911
0.097,1.77602034156583
0.0975,1.76960576752065
0.098,1.76283372960368
0.0985,1.75628964279973
0.099,1.74973563327807
0.0995,1.74307887972192
0.1,1.73674525085931
0.1005,1.72996422529335
0.101,1.72383238345924
0.1015,1.71738661354673
0.102,1.71133973570921
0.1025,1.70500927047162
0.103,1.69905161114743
0.1035,1.69311290021665
0.104,1.68719166174617
0.1045,1.68129835199307
0.105,1.67542102754026
0.1055,1.66956442471257
0.106,1.66372918254411
0.1065,1.65788246752157
0.107,1.65250019299209
0.1075,1.6471120166659
0.108,1.6414139856535
0.1085,1.63596518919168
0.109,1.63066336324556
0.1095,1.62523670136048
0.11,1.61962210061195
0.1105,1.61436586732565
0.111,1.60946295534001
0.1115,1.6043636211009
0.112,1.59915401473793
0.1125,1.59407817165747
0.113,1.5888813104555
0.1135,1.58408102593982
0.114,1.57900565532235
0.1145,1.57387995515072
0.115,1.56918640767673
0.1155,1.56417634212241
0.116,1.55943646712409
0.1165,1.55476164770752
0.117,1.5501036651199
0.1175,1.54545709563219
0.118,1.54082747296975
0.1185,1.5362091714347
0.119,1.53160743952272
0.1195,1.52701760126581
0.12,1.52255085876153
0.1205,1.51822756199913
0.121,1.51364943724478
0.1215,1.50947331884157
0.122,1.50531220737577
0.1225,1.5007949414529
0.123,1.49666016619192
0.1235,1.49250312510395
0.124,1.48838682911855
0.1245,1.48423463897995
0.125,1.48016311390729
0.1255,1.47607508696873
0.126,1.47199825295063
0.1265,1.46776387518497
0.127,1.46376978212134
0.1275,1.45977193274381
0.128,1.4557608804339
0.1285,1.45180783396165
0.129,1.44818172088288
0.1295,1.44456468525647
0.13,1.44097660092382
0.1305,1.43703393747268
0.131,1.43308236564822
0.1315,1.42911716795694
0.132,1.4251491215134
0.1325,1.42141218563161
0.133,1.41786196135285
0.1335,1.41432050053821
0.134,1.41078773924809
0.1345,1.40726368878747
0.135,1.40374838450465
0.1355,1.40024186129155
0.136,1.39674415357341
0.1365,1.39325529529662
0.137,1.38977529561744
0.1375,1.38630408985069
0.138,1.38284159989016
0.1385,1.37962163488253
0.139,1.3765457764518
0.1395,1.37345876496217
0.14,1.37035420050244
0.1405,1.36725619868197
0.141,1.36381583097377
0.1415,1.36040949153148
0.142,1.35701158594191
0.1425,1.35394266513669
0.143,1.35087698876513
0.1435,1.34780362913362
0.144,1.34473312942428
0.1445,1.34169973600166
0.145,1.33834117004126
0.1455,1.33531705893205
0.146,1.33229011520683
0.1465,1.32925744107238
0.147,1.32622942232064
0.1475,1.32349096305027
0.148,1.3205271825466
0.1485,1.31755281731469
0.149,1.31464378767328
0.1495,1.31203241348919
0.15,1.30910122510834
0.1505,1.30617163995434
0.151,1.30356433001794
0.1515,1.3006464332379
0.152,1.29774079423452
0.1525,1.2951662961758
0.153,1.29236134565499
0.1535,1.28942881211775
0.154,1.28682240891538
0.1545,1.28420813363728
0.155,1.28138831042776
0.1555,1.27882664807418
0.156,1.27629055889069
0.1565,1.27342613778355
0.157,1.27088279962148
0.1575,1.26803206398551
0.158,1.26551426907438
0.1585,1.26298528097401
0.159,1.2604604795806
0.1595,1.25794094477122
0.16,1.2554276553282
0.1605,1.25291780055083
0.161,1.25041429845575
0.1615,1.24791416892476
0.162,1.24565327637526
0.1625,1.24321598925776
0.163,1.24075546823952
0.1635,1.23853745443402
0.164,1.23606270962661
0.1645,1.23359129865686
0.165,1.23136495465122
0.1655,1.22894701224829
0.166,1.22652218963954
0.1665,1.22431100332879
0.167,1.2221766473317
0.1675,1.21971326141975
0.168,1.21752056524699
0.1685,1.21512330921042
0.169,1.21297293308215
0.1695,1.21053589274465
0.17,1.20842643988482
0.1705,1.20619417590477
0.171,1.20384210514971
0.1715,1.20173458597913
0.172,1.19959818516517
0.1725,1.19750474776039
0.173,1.19524300500057
0.1735,1.19295099848671
0.174,1.19085141611381
0.1745,1.18903886902474
0.175,1.18699785531372
0.1755,1.18492319658696
0.176,1.18299797692714
0.1765,1.18091967211687
0.177,1.17881039308671
0.1775,1.17648576223342
0.178,1.17437832488633
0.1785,1.17231274980946
0.179,1.1704168163286
0.1795,1.16837189358462
0.18,1.16636111516109
0.1805,1.16458472108238
0.181,1.16259980924618
0.1815,1.16056685645155
0.182,1.15865977872403
0.1825,1.1568515685815
0.183,1.15483714700626
0.1835,1.15282699588716
0.184,1.15103487252876
0.1845,1.14913482057741
0.185,1.14712526306062
0.1855,1.1451764262598
0.186,1.14343015919072
0.1865,1.14145509530449
0.187,1.13974257290035
0.1875,1.1380334835596
0.188,1.13632758656527
0.1885,1.13462398591979
0.189,1.13291643006438
0.1895,1.13096796494172
0.19,1.1289916151285
0.1905,1.12716398026243
0.191,1.12536535742352
0.1915,1.12367743878315
0.192,1.12199187912803
0.1925,1.12031012728661
0.193,1.11863093256613
0.1935,1.11679412277932
0.194,1.11502191765372
0.1945,1.11334953548378
0.195,1.1116794655596
0.1955,1.11001314491402
0.196,1.1083494112807
0.1965,1.10668676872838
0.197,1.10502754660056
0.1975,1.1033705565792
0.198,1.10174229882322
0.1985,1.10031769579781
0.199,1.09866736103888
0.1995,1.09702007692734
0.2,1.09537612493016
0.2005,1.09373264491658
0.201,1.09209292496974
0.2015,1.09045557818221
0.202,1.08894935600223
0.2025,1.08743831896895
0.203,1.08580762293391
0.2035,1.08418371608091
0.204,1.08280340921967
0.2045,1.08117926215379
0.205,1.07953828096723
0.2055,1.07819674842978
0.206,1.07655765824262
0.2065,1.07520386547881
0.207,1.07385966163447
0.2075,1.0722153499307
0.208,1.07088395565211
0.2085,1.06926240818333
0.209,1.06765973190303
0.2095,1.06631488488273
0.21,1.06469792394109
0.2105,1.06337374664773
0.211,1.06189735918424
0.2115,1.06066109502368
0.212,1.0593004250327
0.2125,1.05771928571578
0.213,1.05639948283463
0.2135,1.0547773409023
0.214,1.05346720431728
0.2145,1.05206769406769
0.215,1.0507821243144
0.2155,1.0494637933728
0.216,1.04786482636207
0.2165,1.04656299528144
0.217,1.04495378277351
0.2175,1.04365180566038
0.218,1.04232572311743
0.2185,1.04099674480254
0.219,1.03977097604276
0.2195,1.03834043287952
0.22,1.03722119580979
0.2205,1.03571020680814
0.221,1.03465312254059
0.2215,1.03313425691972
0.222,1.03204366749276
0.2225,1.03059651412531
0.223,1.02941222379058
0.2235,1.02807253057508
0.224,1.02679200435224
0.2245,1.02555021277521
0.225,1.0241731462328
0.2255,1.02303821587729
0.226,1.02156889514143
0.2265,1.02051565417291
0.227,1.01901235763155
0.2275,1.01795768000875
0.228,1.01650202957461
0.2285,1.01536753310157
0.229,1.01401265676348
0.2295,1.0130052447049
0.23,1.01175591354085
0.2305,1.01068536205714
0.231,1.00950139228044
0.2315,1.00835345948524
0.232,1.00701717385227
0.2325,1.005783814612
0.233,1.00454410200051
0.2335,1.00347263618966
0.234,1.00230513702321
0.2345,1.00127963558575
0.235,1.00072683305079
0.2355,1.00022598360287

