
0.07897895,9020.37817303967
0.0791291,8944.39078299629
0.07927925,8980.47289146519
0.0794294,8238.25185018825
0.07957955,7619.27681811116
0.0797297,6848.16745423662
0.07987985,6089.6535215436
0.08003,5139.01414862712
0.08018015,4197.58100192837
0.0803303,3465.91933434293
0.08048045,2582.43531668828
0.0806306,1723.84299623254
0.08078075,804.516847232292
0.0809309,587.66125068366
0.08108105,403.924631823289
0.0812312,304.660041261485
0.08138135,231.107684337715
0.0815315,208.065435721515
0.08168165,183.371432076499
0.0818318,167.128366364705
0.08198195,154.270614399998
0.0821321,144.212547282667
0.08228225,133.085364550471
0.0824324,124.417505950328
0.08258255,118.101712545626
0.0827327,111.81741654075
0.08288285,105.336877375477
0.083033,100.586160332751
0.08318315,94.5399945657429
0.0833333,89.5184442053431
0.08348345,85.4459313957695
0.0836336,82.0159065800225
0.08378375,79.2043879150424
0.0839339,76.3112743983397
0.08408405,73.1327077379487
0.0842342,70.881713486879
0.08438435,67.9760507859112
0.0845345,65.8323014697456
0.08468465,64.1252421490753
0.0848348,62.2352789150082
0.08498495,60.278224988708
0.0851351,58.4550499584926
0.08528525,56.9417610302836
0.0854354,55.3399084681217
0.08558555,53.9568734859332
0.0857357,52.586490319896
0.08588585,51.6106452425305
0.086036,50.5470731162954
0.08618615,49.4932396452834
0.0863363,48.4705062947752
0.08648645,47.3273418077981
0.0866366,46.4713684383504
0.08678675,45.6232598432398
0.0869369,44.8853771330766
0.08708705,44.1542865258062
0.0872372,43.3096247781966
0.08738735,42.4726800950334
0.0875375,41.7401309640218
0.08768765,40.9789978100426
0.0878378,40.3178243381529
0.08798795,39.7925202100734
0.0881381,39.1295774918484
0.08828825,38.5801541380544
0.0884384,37.8972092872911
0.08858855,37.2204953936706
0.0887387,36.639022419435
0.08888885,36.0628961485885
0.089039,35.4616410617584
0.08918915,35.0000933784536
0.0893393,34.5428041323606
0.08948945,33.9999669779875
0.0896396,33.6045758800556
0.08978975,33.0765390016889
0.0899399,32.7204645969365
0.09009005,32.3962332830714
0.0902402,32.077930974437
0.09039035,31.7140942475035
0.0905405,31.3839916541587
0.09069065,30.9580271281697
0.0908408,30.5627734586796
0.09099095,30.2877168147351
0.0911411,29.9886060508599
0.09129125,29.6755301461578
0.0914414,29.3624556873931
0.09159155,29.0236839508533
0.0917417,28.741767061039
0.09189185,28.4669093853779
0.092042,28.1945692165529
0.09219215,27.9493162624141
0.0923423,27.7040752216521
0.09249245,27.3917496258924
0.0926426,27.1328373828995
0.09279275,26.9218366869475
0.0929429,26.7108472212616
0.09309305,26.4607469205542
0.0932432,26.210636108066
0.09339335,25.9895653345077
0.0935435,25.8105520060829
0.09369365,25.591530714371
0.0938438,25.3331129298627
0.09399395,25.1417734978346
0.0941441,24.9282197124381
0.09429425,24.7386419688057
0.0944444,24.5106627642193
0.09459455,24.3474863161195
0.0947447,24.1465286468102
0.09489485,24.002081750086
0.095045,23.802973300969
0.09519515,23.6438761485285
0.0953453,23.487328671012
0.09549545,23.330777951007
0.0956456,23.1964519211697
0.09579575,23.0258773564056
0.0959459,22.8936975577257
0.09609605,22.7258509662357
0.0962462,22.5957826748268
0.09639635,22.4496022478716
0.0965465,22.3057570740969
0.09669665,22.1619118994893
0.0968468,22.0203672200011
0.09699695,21.8788228958023
0.0971471,21.7372757762237
0.09729725,21.6124917812757
0.0974474,21.4732099309889
0.09759755,21.3551979213994
0.0977477,21.2228920148874
0.09789785,21.0858360404239
0.098048,20.9697113719381
0.09819815,20.839515297743
0.0983483,20.7391848477761
0.09849845,20.6388625161887
0.0986486,20.510753252503
0.09879875,20.4021235101613
0.0989489,20.3034000981782
0.09909905,20.2053578749101
0.0992492,20.107992224523
0.09939935,20.0018416743364
0.0995495,19.8964162865384
0.09969965,19.8140096140035
0.0998498,19.7228716637393
0.09999995,19.6184171599792
0.1001501,19.5285262452479
0.10030025,19.42550781156
0.1004504,19.3227215649221
0.10060055,19.2336529368634
0.1007507,19.1451996304178
0.10090085,19.0573553827003
0.101051,18.9701175488391
0.10120115,18.8739328783035
0.1013513,18.7784072869748
0.10150145,18.6919641912083
0.1016516,18.6187439221792
0.10180175,18.5460291171458
0.1019519,18.4776729830579
0.10210205,18.396778914044
0.1022522,18.3164370729941
0.10240235,18.2490141383255
0.1025525,18.1902947141257
0.10270265,18.1192362619779
0.1028528,18.0609199268227
0.10300295,17.9945804000185
0.1031531,17.9282392860266
0.10330325,17.8623569387723
0.1034534,17.784387332394
0.10360355,17.7189546384452
0.1037537,17.6539745188383
0.10390385,17.588995796666
0.104054,17.516227170893
0.10420415,17.4557978199951
0.1043543,17.3835334346513
0.10450445,17.3117643226182
0.1046546,17.239993705628
0.10480475,17.1764893071528
0.1049549,17.1250739751737
0.10510505,17.0620105898831
0.1052552,17.0109486942831
0.10540535,16.9521666134334
0.1055555,16.9014568989108
0.10570565,16.8430795713165
0.1058558,16.7927169081413
0.10600595,16.7464974037083
0.1061561,16.6964850851015
0.10630625,16.6428109866363
0.1064564,16.585367278241
0.10660655,16.5320613108261
0.1067567,16.4750123819514
0.10690685,16.4256843554162
0.107057,16.3727454343007
0.10720715,16.323757690784
0.1073573,16.2711832888703
0.10750745,16.2225314452618
0.1076576,16.1776746105812
0.10780775,16.1330246006493
0.1079579,16.0884773081209
0.10810805,16.0441340070403
0.1082582,16.0035336801013
0.10840835,15.959293882292
0.1085585,15.9152566442872
0.10870865,15.8713191739043
0.1088588,15.8347898730308
0.10900895,15.7947481556878
0.1091591,15.7511155097303
0.10930925,15.7076818990965
0.1094594,15.6679130395082
0.10960955,15.6318862930509
0.1097597,15.5887533247577
0.10990985,15.5492590292835
0.11006,15.5099469117833
0.11021015,15.4707265597319
0.1103603,15.4244798305183
0.11051045,15.3854371103531
0.1106606,15.3464839437866
0.11081075,15.3146880548656
0.1109609,15.2759170435647
0.11111105,15.2372320825178
0.1112612,15.2056551292438
0.11141135,15.1671503351757
0.1115615,15.1322646895628
0.11171165,15.1009044791251
0.1118618,15.0696890735193
0.11201195,15.0384743530289
0.1121621,15.0039114733467
0.11231225,14.9659334953344
0.1124624,14.9349324103173
0.11261255,14.9006068568806
0.1127627,14.8662797954814
0.11291285,14.8354913505137
0.113063,14.8081573265753
0.11321315,14.7740673710704
0.1133633,14.7468583622751
0.11351345,14.7129259054246
0.1136636,14.6824899625106
0.11381375,14.6554689131428
0.1139639,14.6217692788477
0.11411405,14.594871212469
0.1142642,14.5646470368237
0.11441435,14.5344923132514
0.1145645,14.5010238904597
0.11471465,14.4743110297396
0.1148648,14.4442942050618
0.11501495,14.4177040180766
0.1151651,14.3911756975545
0.11531525,14.3646466014846
0.1154654,14.3415144399568
0.11561555,14.3151080362068
0.1157657,14.2920284224158
0.11591585,14.2690025700738
0.116066,14.246030367741
0.11621615,14.2198057893108
0.1163663,14.1968850877623
0.11651645,14.1740177835678
0.1166666,14.1512030971573
0.11681675,14.1283884107201
0.1169669,14.1056261980003
0.11711705,14.0829170319769
0.1172672,14.0569927182917
0.11741735,14.0343344421874
0.1175675,14.0117289625846
0.11771765,13.9891754984781
0.1178678,13.966622034346
0.11801795,13.9441204429388
0.1181681,13.9216706283622
0.11831825,13.8992208137606
0.1184684,13.8768218543664
0.11861855,13.8576448963415
0.1187687,13.8385134009529
0.11891885,13.8162181682526
0.119069,13.7971293374476
0.11921915,13.7780857695182
0.1193693,13.75589299961
0.11951945,13.7368918913959
0.1196696,13.7179351758514
0.11981975,13.698978459976
0.1199699,13.6800660265019
0.12012005,13.6580260685294
0.1202702,13.6391557881696
0.12042035,13.620329602155
0.1205705,13.6015034158054
0.12072065,13.5827197307203
0.1208708,13.567085386009
0.12102095,13.5483465200276
0.1211711,13.5296499640574
0.12132125,13.5109534084516
0.1214714,13.4922990529443
0.12162155,13.4767723610006
0.1217717,13.458161730144
0.12192185,13.4426707570816
0.122072,13.4241029401548
0.12222215,13.4086476041876
0.1223723,13.3901225026968
0.12252245,13.3747020410982
0.1226726,13.3593177346009
0.12282275,13.3439334277642
0.1229729,13.3285845126641
0.12312305,13.3132355975537
0.1232732,13.2979219927608
0.12342335,13.2826083879578
0.1235735,13.2673300122405
0.12372365,13.2520516365133
0.1238738,13.2368084088266
0.12402395,13.2215651811304
0.1241741,13.2063570206161
0.12432425,13.1911480288478
0.1244744,13.1789955268667
0.12462455,13.163822353506
0.1247747,13.1516978080286
0.12492485,13.1365595406983
0.125075,13.1244628878213
0.12522515,13.1093594462198
0.1253753,13.0972906217759
0.12552545,13.0822219257865
0.1256756,13.0701801955779
0.12582575,13.0581398152431
0.1259759,13.0431057845824
0.12612605,13.0310924250704
0.1262762,13.0160929806834
0.12642635,13.0041065842779
0.1265765,12.9921208628215
0.12672665,12.9801627142812
0.1268768,12.9682045657349
0.12702695,12.956273927015
0.1271771,12.944343295344
0.12732725,12.932412656601
0.1274774,12.9205094644012
0.12762755,12.9086053975762
0.1277777,12.8996882913466
0.12792785,12.8878133664446
0.128078,12.8759366794943
0.12822815,12.8670400871099
0.1283783,12.8551915995479
0.12852845,12.8463154733748
0.1286786,12.8344951308478
0.12882875,12.8226730174632
0.1289789,12.8138166491962
0.12912905,12.8049616127495
0.1292792,12.793167577248
0.12942935,12.7843322432293
0.1295795,12.7725662338731
0.12972965,12.760798441602
0.1298798,12.751982767188
0.13002995,12.7431677603608
0.1301801,12.7343730321795
0.13033025,12.7255783094078
0.1304804,12.7167835866332
0.13063055,12.7079888584258
0.1307807,12.6992143625697
0.13093085,12.690439866711
0.131081,12.6816855566557
0.13123115,12.672931252046
0.1313813,12.6641769474334
0.13153145,12.6554226373526
0.1316816,12.6466884666405
0.13183175,12.637954978
0.1319819,12.6263237127289
0.13213205,12.6146906320892
0.1322822,12.6059758748794
0.13243235,12.5972608446533
0.1325825,12.5914581512483
0.13273265,12.5827650811434
0.1328828,12.574071737361
0.13303295,12.5624918058051
0.1331831,12.5567013953886
0.13333325,12.5509120524966
0.1334834,12.5451360274487
0.13363355,12.5393606470586
0.1337837,12.5307075397108
0.13393385,12.522053469172
0.134084,12.5133984283207
0.13423415,12.5076350461052
0.1343843,12.5018723091919
0.13453445,12.4961234775946
0.1346846,12.4874902925533
0.13483475,12.4788551535264
0.1349849,12.4731050242418
0.13513505,12.4673544612019
0.1352852,12.4644830306616
0.13543535,12.4587478670121
0.1355855,12.4530122681883
0.13573565,12.4444187655993
0.1358858,12.4358232992821
0.13603595,12.4300984977859
0.1361861,12.4272336750033
0.13633625,12.4215117166192
0.1364864,12.4157893194214
0.13663655,12.4072155965653
0.1367867,12.3986398939036
0.13693685,12.3929293431399
0.137087,12.3872183518555
0.13723715,12.3843661421095
0.1373873,12.3815150381854
0.13753745,12.3758200565645
0.1376876,12.3672650736838
0.13783775,12.3615676526311
0.1379879,12.3558697881664
0.13813805,12.3530241342272
0.1382882,12.350179038844
0.13843835,12.3473345002074
0.1385885,12.3416519694524
0.13873865,12.3359689917077
0.1388888,12.3274533203504
0.13903895,12.3217809561102
0.1391891,12.3189418440864
0.13933925,12.3161032938823
0.1394894,12.3132653057345
0.13963955,12.3075958609444
0.1397897,12.3019259648329
0.13993985,12.2934298838637
0.14009,12.2877705478142
0.14024015,12.2849362605693
0.1403903,12.2849362588643
0.14054045,12.2849362588643
0.1406906,12.2792821466685
0.14084075,12.2736246188559
0.1409909,12.2679670891626
0.14114105,12.2623225746647
0.1412912,12.2566746364214
0.14144135,12.2566746322495
0.1415915,12.2566746322495
0.14174165,12.2538514254119
0.1418918,12.2482080630465
0.14204195,12.2425623980729
0.1421921,12.2397433895414
0.14234225,12.2341118655596
0.1424924,12.2312905464747
0.14264255,12.2312905446918
0.1427927,12.2312905446918
0.14294285,12.2284732826949
0.143093,12.2256548573719
0.14324315,12.2200233295157
0.1433933,12.217210805333
0.14354345,12.2115922368154
0.1436936,12.2087773782074
0.14384375,12.2087773763821
0.1439939,12.2059666152385
0.14414405,12.2031540940653
0.1442942,12.2003415739935
0.14444435,12.1975296419684
0.1445945,12.1919110695345
0.14474465,12.1891044269159
0.1448948,12.1862966062649
0.14504495,12.186296604024
0.1451951,12.1834905547608
0.14534525,12.1834905513785
0.1454954,12.1806862845168
0.14564555,12.177880233543
0.1457957,12.1750747787815
0.14594585,12.169469131967
0.146096,12.1666689375732
0.14624615,12.1638675512218
0.1463963,12.163867548922
0.14654645,12.163867548922
0.1466966,12.163867548922
0.14684675,12.1610614997771
0.1469969,12.1610614962765
0.14714705,12.1582637114956
0.1472972,12.1554623040438
0.14744735,12.1554623016935
0.1475975,12.1554623016935
0.14774765,12.1554623016935
0.1478978,12.1554623016935
0.14804795,12.1554623016935
0.1481981,12.1554623016935
0.14834825,12.1526645393385
0.1484984,12.1498631095192
0.14864855,12.1498631071104
0.1487987,12.147071789428
0.14894885,12.1442767959594
0.149099,12.1442767935341
0.14924915,12.1442767935341
0.1493993,12.1442767935341
0.14954945,12.1414790536054
0.1496996,12.1386776014189
0.14984975,12.1386775989511
0.1499999,12.1358863036435
0.15015005,12.1330912878593
0.1503002,12.1330912853748
0.15045035,12.1330912853748
0.1506005,12.1330912853748
0.15075065,12.1330912853748
0.1509008,12.1330912853748
0.15105095,12.1330912853748
0.1512011,12.1330912853748
0.15135125,12.1330912853748
0.1515014,12.1330912853748
0.15165155,12.1330912853748
0.1518017,12.1330912853748
0.15195185,12.1330912853748
0.152102,12.1330912853748
0.15225215,12.1330912853748
0.1524023,12.1330912853748
0.15255245,12.1330912853748
0.1527026,12.1330912853748
0.15285275,12.1330912853748
0.1530029,12.1330912853748
0.15315305,12.1330912853748
0.1533032,12.1330912853748
0.15345335,12.1330912853748
0.1536035,12.1330912853748
0.15375365,12.1330912853748
0.1539038,12.1330912853748
0.15405395,12.1358908786347
0.1542041,12.1358908826663
0.15435425,12.1358908826663
0.1545044,12.1386840353972
0.15465455,12.1386840394545
0.1548047,12.1386840394545
0.15495485,12.1386840394545
0.155105,12.1386840394545
0.15525515,12.1386840394545
0.1554053,12.1358844463
0.15555545,12.135884442163
0.1557056,12.1386820671514
0.15585575,12.141483633964
0.1560059,12.141483636746
0.15615605,12.1442748173771
0.1563062,12.1470679727673
0.15645635,12.1498631043033
0.1566065,12.1470699545444
0.15675665,12.1470699503223
0.1569068,12.1498695433581
0.15705695,12.1498695476138
0.1572071,12.1498695476138
0.15735725,12.1526735948053
0.1575074,12.1554731930408
0.15765755,12.1582727875311
0.1578077,12.161072382023
0.15795785,12.1638719788296
0.158108,12.1666671433203
0.15825815,12.1666671462135
0.1584083,12.163867553298
0.15855845,12.163867548922
0.1587086,12.163867548922
0.15885875,12.1610615006991
0.1590089,12.1638655102498
0.15915905,12.1666715615672
0.1593092,12.1694776114066
0.15945935,12.1722836635983
0.1596095,12.1750832604457
0.15975965,12.1778828549359
0.1599098,12.1806844957339
0.16005995,12.180684498733
0.1602101,12.180684498733
0.16036025,12.180684498733
0.1605104,12.180684498733
0.16066055,12.180684498733
0.1608107,12.1834949444447
0.16096085,12.1863067753145
0.161111,12.1919239612623
0.16126115,12.1975425321968
0.1614113,12.203162491839
0.16156145,12.2059692393562
0.1617116,12.2087752886789
0.16186175,12.2115834259139
0.1620119,12.2115834290276
0.16216205,12.2115834290276
0.1623122,12.2115834290276
0.16246235,12.2115834290276
0.1626125,12.2115834290276
0.16276265,12.2144003184061
0.1629128,12.2172186207321
0.16306295,12.2228487344341
0.1632131,12.2284802607912
0.16336325,12.2341132033893
0.1635134,12.2369264350454
0.16366355,12.2397410804386
0.1638137,12.2397410836608
0.16396385,12.2397410836608
0.164114,12.2397410836608
0.16426415,12.2397410836608
0.1644143,12.2397410836608
0.16456445,12.2397410836608
0.1647146,12.2425637119112
0.16486475,12.2482189322144
0.1650149,12.2566954688552
0.16516505,12.2623408501897
0.1653152,12.2679853600759
0.16546535,12.2736298706277
0.1656155,12.2792758254881
0.16576565,12.2821042328114
0.1659158,12.2821042356108
0.16606595,12.2821042356108
0.1662161,12.2821042356108
0.16636625,12.2792722174575
0.1665164,12.2792722123572
0.16666655,12.2821012999407
0.1668167,12.2877695159803
0.16696685,12.2962851810183
0.167117,12.3019566416957
0.16726715,12.3076263300441
0.1674173,12.3161210804929
0.16756745,12.3246184825513
0.1677176,12.3302914237024
0.16786775,12.333126407226
0.1680179,12.3331264101328
0.16816805,12.3331264101328
0.1683182,12.33029009787
0.16846835,12.3274427617446
0.1686185,12.3302856073549
0.16876865,12.3331307048393
0.1689188,12.3359750494809
0.16906895,12.3416693879575
0.1692191,12.3502230169226
0.16936925,12.3587583280489
0.1695194,12.3672936302652
0.16966955,12.3758289324878
0.1698197,12.3843655910169
0.16996985,12.3900677967245
0.17012,12.3900678032704
0.17027015,12.3900678032704
0.1704203,12.3900678032704
0.17057045,12.3872184387957
0.1707206,12.3843579139145
0.17087075,12.3843579102186
0.1710209,12.3872138388515
0.17117105,12.39007130327
0.1713212,12.3957918862941
0.17147135,12.4043839854004
0.1716215,12.4158288031605
0.17177165,12.4272762703622
0.1719218,12.4358519799627
0.17207195,12.4444280765537
0.1722221,12.4501520608558
0.17237225,12.4558766632357
0.1725224,12.4587422654024
0.17267255,12.4616094234271
0.1728227,12.4587477288698
0.17297285,12.4530114853813
0.173123,12.4501369198151
0.17327315,12.4501369165972
0.1734233,12.4530059848842
0.17357345,12.4558766268518
0.1737236,12.4616235723055
0.17387375,12.4702563052393
0.1740239,12.4788904676384
0.17417405,12.4875236144967
0.1743242,12.4990212416707
0.17447435,12.5105215801246
0.1746245,12.5191581898827
0.17477465,12.5249234758011
0.1749248,12.527802325425
0.17507495,12.5306827668366
0.1752251,12.530682770829
0.17537525,12.5278004937683
0.1755254,12.5249133992903
0.17567555,12.5249133952598
0.1758257,12.5278023096302
0.17597585,12.5306936481091
0.176126,12.5335841751024
0.17627615,12.5393702684325
0.1764263,12.5509457287082
0.17657645,12.5625244417278
0.1767266,12.5741031520135
0.17687675,12.5856818622991
0.1770269,12.5972619640805
0.17717705,12.6059585055186
0.1773272,12.6117621771479
0.17747735,12.6175665071454
0.1776275,12.620467794488
0.17777765,12.6204677979755
0.1779278,12.6175655863743
0.17807795,12.6146584251955
0.1782281,12.6146584209704
0.17837825,12.6146584209704
0.1785284,12.6175673128698
0.17867855,12.6204778667309
0.1788287,12.6263056756686
0.17897885,12.6321334904284
0.179129,12.6437880186592
0.17927915,12.658377176326
0.1794293,12.672967736818
0.17957945,12.6875614386093
0.1797296,12.6963176390409
0.17987975,12.7050734497234
0.1800299,12.71091738259
0.18018005,12.7167619861553
0.1803302,12.719687658757
0.18048035,12.7226150202529
0.1806305,12.7226150246684
0.18078065,12.7196860082835
0.1809308,12.7167544369868
0.18108095,12.7138203131163
0.1812311,12.7167484623427
0.18138125,12.722616646667
0.1815314,12.7284865459718
0.18168155,12.7343554131586
0.1818317,12.7431677532604
0.18198185,12.7549320131528
0.182132,12.769656163562
0.18228215,12.7843817628178
0.1824323,12.7991088087519
0.18258245,12.8108783438703
0.1827326,12.8197163391236
0.18288275,12.8256143803405
0.1830329,12.831511378234
0.18318305,12.8374101148326
0.1833332,12.8403655016034
0.18348335,12.8403655054827
0.1836335,12.8374094367487
0.18378365,12.8344507330435
0.1839338,12.8314893972218
0.18408395,12.8344454523577
0.1842341,12.8374032746086
0.18438425,12.843325728261
0.1845344,12.8492488921378
0.18468455,12.8581438765943
0.1848347,12.867039320745
0.18498485,12.8789123993177
0.185135,12.8937727915505
0.18528515,12.9086346793869
0.1854353,12.92349804509
0.18558545,12.9354024208329
0.1857356,12.9473071332745
0.18588575,12.9562459483143
0.1860359,12.9651852209295
0.18618605,12.9711534057827
0.1863362,12.9741362264675
0.18648635,12.9741362305586
0.1866365,12.9711528626151
0.18678665,12.9681667753768
0.1869368,12.9651806906091
0.18708695,12.9621918845192
0.1872371,12.9621918795432
0.18738725,12.965181199003
0.1875374,12.9711722090217
0.18768755,12.9771639581457
0.1878377,12.9861400586891
0.18798785,12.9981229654012
0.188138,13.0131208600943
0.18828815,13.0281190364515
0.1884383,13.04613762153
0.18858845,13.0641592298097
0.1887386,13.079196042407
0.18888875,13.0912399092406
0.1890389,13.1002822829725
0.18918905,13.1093234626898
0.1893392,13.1183663138158
0.18948935,13.1244036894755
0.1896395,13.1274281014376
0.18978965,13.1274281057916
0.1899398,13.1244102499642
0.19008995,13.1213895766467
0.1902401,13.1183689059506
0.19039025,13.1153454162037
0.1905404,13.1153454109246
0.19069055,13.1183692648924
0.1908407,13.1244296204188
0.19099085,13.1304918749754
0.191141,13.1365522318079
0.19129115,13.1486729633368
0.1914413,13.1607962314847
0.19159145,13.1759664901862
0.1917416,13.1941924067065
0.19189175,13.2154839054726
0.1920419,13.2337576427397
0.19219205,13.2490037601455
0.1923422,13.2612136432799
0.19249235,13.2734239026801
0.1926425,13.2825727805634
0.19279265,13.288678225235
0.1929428,13.2947844394266
0.19309295,13.2978439759126
0.1932431,13.2978439805376
0.19339325,13.2947842021576
0.1935434,13.2917214963749
0.19369355,13.2886587933827
0.1938437,13.2855960903906
0.19399385,13.282530455894
0.194144,13.2855892336128
0.19429415,13.2917185556142
0.1944443,13.3009260899388
0.19459445,13.3101341334886
0.1947446,13.3224256808194
0.19489475,13.3347189317599
0.1950449,13.3470108573834
0.19519505,13.3623921334563
0.1953452,13.3808715866219
0.19549535,13.4024593533453
0.1956455,13.4209874418803
0.19579565,13.4364457818195
0.1959458,13.4488255971133
0.19609595,13.4612057897335
0.1962461,13.470501626626
0.19639625,13.4797961708295
0.1965464,13.4890925220434
0.19669655,13.4952992440705
0.1968467,13.4984086087975
0.19699685,13.4984086137474
0.197147,13.4984086137474
0.19729715,13.4984086137474
0.1974473,13.4984086137474
0.19759745,13.4984086137474
0.1977476,13.4984086137474
0.19789775,13.4984086137474
0.1980479,13.5015170028639
0.19819805,13.5077458569237
0.1983482,13.5171029904423
0.19849835,13.5264619806073
0.1986485,13.5358196427094
0.19879865,13.5483109133504
0.1989488,13.56080258267
0.19909895,13.5764337647069
0.1992491,13.5952149220126
0.19939925,13.6140040112494
0.1995494,13.6233949773271
0.19969955,13.6312311435749
0.1998497,13.6368368513757
0.19999985,13.6443089518812
